function d2amaxCLVFdp2 = hess_p_amaxCLVF(alpha,b,ka,kc,wmax)
%HESS_P_AMAXCLVF
%    D2AMAXCLVFDP2 = HESS_P_AMAXCLVF(ALPHA,B,KA,KC,WMAX)

%    This function was generated by the Symbolic Math Toolbox version 8.5.
%    22-Mar-2021 00:45:07

t2 = alpha.^2;
t3 = alpha.^3;
t4 = b.^2;
t5 = b.^3;
t6 = ka.^2;
t7 = ka.^3;
t9 = ka.^5;
t11 = kc.^2;
t14 = wmax.^2;
t15 = 1.0./alpha;
t18 = 1.0./b;
t22 = sqrt(3.0);
t8 = t6.^2;
t10 = t6.^3;
t12 = t11.^2;
t13 = t11.^3;
t16 = 1.0./t2;
t17 = 1.0./t3;
t19 = 1.0./t4;
t20 = 1.0./t5;
t21 = t18.^5;
t23 = t6.*t15;
t24 = t11.*t18;
t25 = t6.*t11.*2.7e+1;
t28 = alpha.*b.*t6.*t14.*8.0;
t30 = b.*t7.*t22.*wmax.*6.0;
t31 = ka.*t22.*wmax.*(2.0./9.0);
t32 = t2.*t11.*t14.*8.0;
t37 = alpha.*ka.*t11.*t22.*wmax.*1.8e+1;
t39 = alpha.*t5.*t9.*t22.*wmax.*2.4e+1;
t41 = t3.*t4.*t6.*t11.*t14.*3.2e+1;
t42 = t3.*t4.*t6.*t11.*t14.*4.8e+1;
t44 = t2.*t4.*t7.*t11.*t22.*wmax.*4.8e+1;
t45 = t2.*t4.*t7.*t11.*t22.*wmax.*7.2e+1;
t26 = t3.*t13.*1.08e+2;
t27 = t5.*t10.*1.35e+2;
t29 = t23./2.0;
t33 = -t28;
t34 = -t30;
t35 = b.*t2.*t6.*t12.*3.24e+2;
t36 = alpha.*t4.*t8.*t11.*3.78e+2;
t38 = t2.*t5.*t8.*t14.*1.6e+1;
t40 = t23+t24;
t43 = t40.^2;
t46 = t29+t31;
t50 = t25+t32+t33+t34+t37;
t51 = t26+t27+t35+t36+t38+t39+t41+t44;
t47 = t46.^2;
t48 = t43+t47;
t49 = 1.0./t48.^(3.0./2.0);
t52 = (ka.*kc.*t16.*t19.*t49.*t50)./2.7e+1;
t54 = (ka.*t11.*t16.*t20.*t49.*t50)./5.4e+1;
t55 = (kc.*t17.*t21.*t49.*t51)./5.4e+1;
t53 = -t52;
t56 = -t55;
d2amaxCLVFdp2 = reshape([(t11.*t17.*t19.^3.*t49.*(t42+t45+t5.*t10.*2.7e+2+t3.*t13.*2.16e+2+alpha.*t4.*t8.*t11.*7.29e+2+b.*t2.*t6.*t12.*6.48e+2+t2.*t5.*t8.*t14.*3.2e+1+alpha.*t5.*t9.*t22.*wmax.*4.8e+1))./1.08e+2,t56,t54,t56,(t17.*t19.^2.*t49.*(t26+t27+t35+t38+t39+t42+t45+alpha.*t4.*t8.*t11.*4.05e+2))./5.4e+1,t53,t54,t53,(t16.^2.*t20.*t49.*(t5.*t10.*6.075e+3+t3.*t13.*3.888e+3+alpha.*t4.*t8.*t11.*1.458e+4+b.*t2.*t6.*t12.*1.458e+4+t2.*t5.*t8.*t14.*1.296e+3+b.*t12.*t14.*1.0./t16.^2.*2.88e+2+t3.*t5.*t7.*t22.*wmax.^3.*6.4e+1+alpha.*t5.*t9.*t22.*wmax.*1.62e+3+b.*ka.*t3.*t12.*t22.*wmax.*1.296e+3+t2.*t4.*t7.*t11.*t22.*wmax.*8.64e+2))./1.944e+3],[3,3]);
